"report-def-0-rfile"
"Time Step" "report-def-0 etc.."
("Time Step" "report-def-0" "flow-time")
0 0 0
1 0.0006029026117175817 0.05
2 0.0004379423335194588 0.1
3 0.0003558166790753603 0.15
4 0.000278949475614354 0.2
5 0.0002256512816529721 0.25
6 0.0001943254028446972 0.3
7 0.0001758760918164626 0.35
8 0.0001631148916203529 0.4
9 0.0001543805265100673 0.45
10 0.0001519443176221102 0.5
11 0.0001520056102890521 0.55
12 0.000147253813338466 0.6000000000000001
13 0.0001383224443998188 0.65
14 0.0001252804649993777 0.7000000000000001
15 0.0001092262100428343 0.75
16 9.26046195672825e-05 0.8
17 7.717993867117912e-05 0.8500000000000001
18 6.644663517363369e-05 0.9
19 5.311668792273849e-05 0.9500000000000001
20 4.122528480365872e-05 1
21 3.055992419831455e-05 1.05
22 1.69936683960259e-05 1.1
23 2.832734026014805e-06 1.15
24 -1.334375701844692e-05 1.2
25 -3.150376142002642e-05 1.25
26 -5.348926060833037e-05 1.3
27 -7.911596912890673e-05 1.35
28 -9.758444502949715e-05 1.4
29 -0.0001274906389880925 1.45
30 -0.0001499045756645501 1.5
31 -0.0001845123479142785 1.55
32 -0.0002107832988258451 1.6
33 -0.0002495807420928031 1.65
34 -0.0002791249135043472 1.7
35 -0.0003249889996368438 1.75
36 -0.0003596163587644696 1.8
37 -0.0004110739100724459 1.85
38 -0.0004504520329646766 1.9
39 -0.0005039424868300557 1.95
40 -0.0005444295238703489 2
41 -0.0005998212727718055 2.05
42 -0.0006406270549632609 2.1
43 -0.0006952907424420118 2.15
44 -0.0007360127056017518 2.2
45 -0.0007919732597656548 2.25
46 -0.0008528901962563396 2.3
47 -0.0009149183752015233 2.35
48 -0.0009731969330459833 2.4
49 -0.001031391089782119 2.45
50 -0.001087847631424665 2.5
51 -0.001139471307396889 2.55
52 -0.001192649593576789 2.6
53 -0.001242996426299214 2.65
54 -0.001294047338888049 2.7
55 -0.001343598240055144 2.75
56 -0.001390428747981787 2.8
57 -0.001434745267033577 2.85
58 -0.00147740775719285 2.9
59 -0.001519943703897297 2.95
60 -0.001564600504934788 3
61 -0.001608095481060445 3.05
62 -0.001648189616389573 3.1
63 -0.001683090697042644 3.15
64 -0.001712532131932676 3.2
65 -0.001737018115818501 3.25
66 -0.001751001342199743 3.3
67 -0.001757950987666845 3.35
68 -0.001752330223098397 3.4
69 -0.001747466856613755 3.45
70 -0.001739875646308064 3.5
71 -0.001734235789626837 3.55
72 -0.00172139797359705 3.6
73 -0.001705930568277836 3.65
74 -0.001682069851085544 3.7
75 -0.001647679600864649 3.75
76 -0.001612694934010506 3.8
77 -0.001571380998939276 3.85
78 -0.001531813992187381 3.9
79 -0.001487347995862365 3.95
80 -0.001437239465303719 4
81 -0.001380240893922746 4.05
82 -0.001321080839261413 4.100000000000001
83 -0.001258893171325326 4.15
84 -0.001195007120259106 4.2
85 -0.001129069831222296 4.25
86 -0.001059568137861788 4.3
87 -0.0009890012443065643 4.350000000000001
88 -0.0009180931374430656 4.4
89 -0.0008496831869706511 4.45
90 -0.0007821596227586269 4.5
91 -0.0007213149219751358 4.55
92 -0.0006658192723989487 4.600000000000001
93 -0.0006131269037723541 4.65
94 -0.0005676920991390944 4.7
95 -0.0005309086991474032 4.75
96 -0.0005067018792033195 4.800000000000001
97 -0.000492574879899621 4.850000000000001
98 -0.0004898116458207369 4.9
99 -0.0004966412670910358 4.95
100 -0.0005132039077579975 5
101 -0.0005355874309316278 5.050000000000001
102 -0.0005691195838153362 5.100000000000001
103 -0.0006106820655986667 5.15
104 -0.000659272656776011 5.2
105 -0.0007110659498721361 5.25
106 -0.0007634887006133795 5.300000000000001
107 -0.0008196267299354076 5.350000000000001
108 -0.0008801891235634685 5.4
109 -0.0009489209624007344 5.45
110 -0.001020655152387917 5.5
111 -0.001097325352020562 5.550000000000001
112 -0.001177155645564198 5.600000000000001
113 -0.00125932483933866 5.65
114 -0.00133333751000464 5.7
115 -0.001390270073898137 5.75
116 -0.001427161856554449 5.800000000000001
117 -0.001442150794900954 5.850000000000001
118 -0.001436870894394815 5.9
119 -0.001407831208780408 5.95
120 -0.001357452594675124 6
121 -0.001287067076191306 6.050000000000001
122 -0.001197645789943635 6.100000000000001
123 -0.001086862059310079 6.15
124 -0.000949274399317801 6.2
125 -0.0007871106499806046 6.25
126 -0.0005957229295745492 6.300000000000001
127 -0.0003803863655775785 6.350000000000001
128 -0.0001452938886359334 6.4
129 0.000104222446680069 6.45
130 0.0003601928474381566 6.5
131 0.0006158374017104506 6.550000000000001
132 0.0008540503913536668 6.600000000000001
133 0.001063388073816895 6.65
134 0.00124530412722379 6.7
135 0.001403195899911225 6.75
136 0.001546908519230783 6.800000000000001
137 0.001686171977780759 6.850000000000001
138 0.001829801709391177 6.9
139 0.001986475195735693 6.95
140 0.002165979938581586 7
141 0.002367469482123852 7.050000000000001
142 0.002583310939371586 7.100000000000001
143 0.002817185129970312 7.15
144 0.003063190262764692 7.2
145 0.003315806621685624 7.25
146 0.003567224834114313 7.300000000000001
147 0.003810917260125279 7.350000000000001
148 0.004045120440423489 7.4
149 0.004262281581759453 7.45
150 0.004468364641070366 7.5
151 0.004667691420763731 7.550000000000001
152 0.004871741402894258 7.600000000000001
153 0.005058718845248222 7.65
154 0.005223074927926064 7.7
155 0.005355880130082369 7.75
156 0.005451307632029057 7.800000000000001
157 0.005514733958989382 7.850000000000001
158 0.005551123060286045 7.9
159 0.005569650325924158 7.95
160 0.00557708041742444 8
161 0.005578050389885902 8.050000000000001
162 0.005576150957494974 8.1
163 0.005571302957832813 8.15
164 0.005557972006499767 8.200000000000001
165 0.005528877954930067 8.25
166 0.005474783014506102 8.300000000000001
167 0.005400303285568953 8.35
168 0.005312991328537464 8.4
169 0.005221589468419552 8.450000000000001
170 0.005123510491102934 8.5
171 0.005028064828366041 8.550000000000001
172 0.004941191058605909 8.6
173 0.004875914193689823 8.65
174 0.004828990902751684 8.700000000000001
175 0.00479767844080925 8.75
176 0.004782930016517639 8.800000000000001
177 0.004781476221978664 8.85
178 0.004782966338098049 8.9
179 0.004790894221514463 8.950000000000001
180 0.004810275975614786 9
181 0.004840247333049774 9.050000000000001
182 0.004884702153503895 9.1
183 0.004932604730129242 9.15
184 0.004984762519598007 9.200000000000001
185 0.005030929576605558 9.25
186 0.005072480067610741 9.300000000000001
187 0.005107205826789141 9.35
188 0.005134829320013523 9.4
189 0.00515554565936327 9.450000000000001
190 0.005168573465198278 9.5
191 0.005175905767828226 9.550000000000001
192 0.005171190015971661 9.600000000000001
193 0.005168736912310123 9.65
194 0.005163890775293112 9.700000000000001
195 0.005153525155037642 9.75
196 0.005139237735420465 9.800000000000001
197 0.00512018846347928 9.850000000000001
198 0.005107010249048471 9.9
199 0.005104576237499714 9.950000000000001
200 0.00511641101911664 10
201 0.005121754948049784 10.05
202 0.005146253388375044 10.1
203 0.005176269449293613 10.15
204 0.005189837422221899 10.2
205 0.005204476416110992 10.25
206 0.005208945367485285 10.3
207 0.005202272441238165 10.35
208 0.005183677189052105 10.4
209 0.005154368933290243 10.45
210 0.005128717049956322 10.5
211 0.005095253698527813 10.55
212 0.005060389172285795 10.6
213 0.005032798275351524 10.65
214 0.004994716960936785 10.7
215 0.004963694140315056 10.75
216 0.004920353181660175 10.8
217 0.004870310425758362 10.85
218 0.004832621198147535 10.9
219 0.004782596603035927 10.95
220 0.004744369070976973 11
221 0.004704213701188564 11.05
222 0.004666184540838003 11.1
223 0.004637406673282385 11.15
224 0.004599267151206732 11.2
225 0.004569497425109148 11.25
226 0.004525898024439812 11.3
227 0.004493319895118475 11.35
228 0.004448146093636751 11.4
229 0.004414049442857504 11.45
230 0.004363042302429676 11.5
231 0.004325250163674355 11.55
232 0.004268424585461617 11.6
233 0.004225076176226139 11.65
234 0.00416257418692112 11.7
235 0.00411634985357523 11.75
236 0.004054262302815914 11.8
237 0.004007828887552023 11.85
238 0.003951028920710087 11.9
239 0.003907909151166677 11.95
240 0.003858007490634918 12
241 0.00382001930847764 12.05
242 0.003775160992518067 12.1
243 0.003738952567800879 12.15
244 0.003692577593028545 12.2
245 0.003656122134998441 12.25
246 0.003606129437685013 12.3
247 0.003566627623513341 12.35
248 0.003502900246530771 12.4
249 0.003450789721682668 12.45
250 0.003363339696079493 12.5
251 0.003295545931905508 12.55
252 0.003194041084498167 12.6
253 0.003120723646134138 12.65
254 0.003019561758264899 12.7
255 0.002947173081338406 12.75
256 0.002852617762982845 12.8
257 0.002784478710964322 12.85
258 0.002695613540709019 12.9
259 0.002632249845191836 12.95
260 0.002541565103456378 13
261 0.002475951099768281 13.05
262 0.002373486058786511 13.1
263 0.002300445921719074 13.15
264 0.002185032702982426 13.2
265 0.002103186910971999 13.25
266 0.001984768314287066 13.3
267 0.001903261989355087 13.35
268 0.001794483745470643 13.4
269 0.001719705178402364 13.45
270 0.00162356742657721 13.5
271 0.001555192051455379 13.55
272 0.00146338390186429 13.6
273 0.001396425068378448 13.65
274 0.001300308853387833 13.7
275 0.001228344161063433 13.75
276 0.001118744607083499 13.8
277 0.001035767607390881 13.85
278 0.0009063715115189552 13.9
279 0.000812414800748229 13.95
280 0.0006797255482524633 14
281 0.0005866025458090007 14.05
282 0.0004595432546921074 14.1
283 0.0003711199969984591 14.15
284 0.0002517002867534757 14.2
285 0.0001667166798142716 14.25
286 5.076423985883594e-05 14.3
287 -3.335575456731021e-05 14.35
288 -0.0001509017165517434 14.4
289 -0.0002368345594732091 14.45
290 -0.0003578422474674881 14.5
291 -0.0004454815061762929 14.55
292 -0.0005707605741918087 14.6
293 -0.0006620719213970006 14.65
294 -0.0007924864185042679 14.7
295 -0.0008877563523128629 14.75
296 -0.001023015007376671 14.8
297 -0.001121193170547485 14.85
298 -0.001259775133803487 14.9
299 -0.001360004651360214 14.95
300 -0.001501400955021381 15
301 -0.0016035211738199 15.05
302 -0.001746682333759964 15.1
303 -0.001851784065365791 15.15
304 -0.001998259453102946 15.2
305 -0.002104253508150578 15.25
306 -0.002253706799820065 15.3
307 -0.002362949540838599 15.35
308 -0.002519309986382723 15.4
309 -0.002632113173604012 15.45
310 -0.002789969090372324 15.5
311 -0.002902442123740911 15.55
312 -0.003058797447010875 15.6
313 -0.003170579206198454 15.65
314 -0.00332555896602571 15.7
315 -0.00343717192299664 15.75
316 -0.003591576358303428 15.8
317 -0.003703227965161204 15.85
318 -0.003858021926134825 15.9
319 -0.003969718236476183 15.95
320 -0.004126509185880423 16
321 -0.004240025766193867 16.05
322 -0.00439936388283968 16.1
323 -0.004515246953815222 16.15
324 -0.004678938537836075 16.2
325 -0.004797701258212328 16.25
326 -0.004968301858752966 16.3
327 -0.005092043895274401 16.35
328 -0.005268710665404797 16.4
329 -0.0053958292119205 16.45
330 -0.005573126953095198 16.5
331 -0.005698633845895529 16.55
332 -0.005868433974683285 16.6
333 -0.005987971089780331 16.65
334 -0.006147558335214853 16.7
335 -0.006261128932237625 16.75
336 -0.006414345465600491 16.8
337 -0.006524153519421816 16.85
338 -0.006675397511571646 16.9
339 -0.00678524374961853 16.95
340 -0.00693779718130827 17
341 -0.007048787549138069 17.05
342 -0.007203753106296062 17.1
343 -0.007316513452678919 17.15
344 -0.007473458535969257 17.2
345 -0.00758817046880722 17.25
346 -0.007746448740363121 17.3
347 -0.007861440069973469 17.35
348 -0.008020389825105667 17.4
349 -0.00813581794500351 17.45
350 -0.008294445462524891 17.5
351 -0.008409464731812477 17.55
352 -0.008566843345761299 17.6
353 -0.008680570870637894 17.65
354 -0.008835974149405956 17.7
355 -0.008948588743805885 17.75
356 -0.009101501666009426 17.8
357 -0.009211893193423748 17.85
358 -0.009362922981381416 17.9
359 -0.009472319856286049 17.95
360 -0.00962175615131855 18
361 -0.009730294346809387 18.05
362 -0.009878199547529221 18.1
363 -0.009986266493797302 18.15
364 -0.0101336594671011 18.2
365 -0.01024126168340445 18.25
366 -0.01038834452629089 18.3
367 -0.01049551367759705 18.35
368 -0.01064215414226055 18.4
369 -0.01074879616498947 18.45
370 -0.01089428272098303 18.5
371 -0.01099904347211123 18.55
372 -0.01114176772534847 18.6
373 -0.0112444031983614 18.65
374 -0.01137922238558531 18.7
375 -0.01147574558854103 18.75
376 -0.01159908436238766 18.8
377 -0.01168757677078247 18.85
378 -0.01179759111255407 18.9
379 -0.01190830767154694 18.95
380 -0.01201274245977402 19
381 -0.01210964284837246 19.05
382 -0.01220026426017284 19.1
383 -0.01228351704776287 19.15
384 -0.01235714182257652 19.2
385 -0.01241720747202635 19.25
386 -0.0124707892537117 19.3
387 -0.01252212189137936 19.35
388 -0.01258623972535133 19.4
389 -0.01267367787659168 19.45
390 -0.01277902256697416 19.5
391 -0.0128928804770112 19.55
392 -0.01300816424190998 19.6
393 -0.01312121748924255 19.65
394 -0.0132283391430974 19.7
395 -0.01332957483828068 19.75
396 -0.01342369336634874 19.8
397 -0.01351089682430029 19.85
398 -0.01359144318848848 19.9
399 -0.01366802398115396 19.95
400 -0.01374194677919149 20
401 -0.01381130516529083 20.05
402 -0.01387588679790497 20.1
403 -0.01393535640090704 20.15
404 -0.01398966740816832 20.2
405 -0.01403962261974812 20.25
406 -0.01408588699996471 20.3
407 -0.01412821374833584 20.35
408 -0.01416599098592997 20.4
409 -0.01419922150671482 20.45
410 -0.01422665920108557 20.5
411 -0.01424739882349968 20.55
412 -0.01426112093031406 20.6
413 -0.01426663249731064 20.65
414 -0.01426420081406832 20.7
415 -0.01425409782677889 20.75
416 -0.01423648651689291 20.8
417 -0.01421188656240702 20.85
418 -0.01418582070618868 20.9
419 -0.01416412182152271 20.95
420 -0.01414427347481251 21
421 -0.01412512827664614 21.05
422 -0.01410363335162401 21.1
423 -0.01407778449356556 21.15
424 -0.01404594723135233 21.2
425 -0.01400788128376007 21.25
426 -0.01396357361227274 21.3
427 -0.01391509175300598 21.35
428 -0.01386384572833776 21.4
429 -0.01381130982190371 21.45
430 -0.0137551398947835 21.5
431 -0.0136940935626626 21.55
432 -0.013628208078444 21.6
433 -0.01355651300400496 21.65
434 -0.0134784122928977 21.7
435 -0.01339388359338045 21.75
436 -0.01330245565623045 21.8
437 -0.01320487447082996 21.85
438 -0.01310194469988346 21.9
439 -0.01299434341490269 21.95
440 -0.01288192998617887 22
441 -0.01276376657187939 22.05
442 -0.01264050975441933 22.1
443 -0.01251386292278767 22.15
444 -0.01238174643367529 22.2
445 -0.0122455907985568 22.25
446 -0.01210595294833183 22.3
447 -0.01196366269141436 22.35
448 -0.01181929558515549 22.4
449 -0.0116724856197834 22.45
450 -0.01152295339852571 22.5
451 -0.01137121766805649 22.55
452 -0.01121779344975948 22.6
453 -0.01106143835932016 22.65
454 -0.01090214401483536 22.7
455 -0.01074153743684292 22.75
456 -0.01058048103004694 22.8
457 -0.01041746325790882 22.85
458 -0.01025417447090149 22.9
459 -0.01008850894868374 22.95
460 -0.009922344237565994 23
461 -0.009754888713359833 23.05
462 -0.009587451815605164 23.1
463 -0.009419016540050507 23.15
464 -0.009250465780496597 23.2
465 -0.009081278927624226 23.25
466 -0.008912853896617889 23.3
467 -0.008743331767618656 23.35
468 -0.008573176339268684 23.4
469 -0.008402868174016476 23.45
470 -0.008233798667788506 23.5
471 -0.008064539171755314 23.55
472 -0.007895928807556629 23.6
473 -0.00772688165307045 23.65
474 -0.007558863610029221 23.7
475 -0.007390659768134356 23.75
476 -0.007221385836601257 23.8
477 -0.007052510045468807 23.85
478 -0.006884222384542227 23.9
479 -0.006717297248542309 23.95
480 -0.006553442683070898 24
481 -0.006390905007719994 24.05
482 -0.006232626270502806 24.1
483 -0.006077746395021677 24.15
484 -0.0059761768206954 24.2
485 -0.005844571627676487 24.25
486 -0.005707964766770601 24.3
487 -0.005571329034864902 24.35
488 -0.005439366213977337 24.4
489 -0.005310777574777603 24.45
490 -0.005187210626900196 24.5
491 -0.005067992024123669 24.55
492 -0.004989419132471085 24.6
493 -0.004889183677732944 24.65
494 -0.004787090700119734 24.7
495 -0.004687265492975712 24.75
496 -0.004593127872794867 24.8
497 -0.004504634533077478 24.85
498 -0.004445850849151611 24.9
499 -0.004371898248791695 24.95
500 -0.004295103717595339 25
501 -0.004217809066176414 25.05
502 -0.004163975827395916 25.1
503 -0.004096044227480888 25.15
504 -0.00402297917753458 25.2
505 -0.003947481047362089 25.25
506 -0.003896541660651565 25.3
507 -0.003832126036286354 25.35
508 -0.00376780959777534 25.4
509 -0.003708300413563848 25.45
510 -0.003670887555927038 25.5
511 -0.003630021587014198 25.55
512 -0.003594787558540702 25.6
513 -0.003567247884348035 25.65
514 -0.003550334833562374 25.7
515 -0.003537330776453018 25.75
516 -0.003529890673235059 25.8
517 -0.003528750035911798 25.85
518 -0.003527726046741009 25.9
519 -0.003533388953655958 25.95
520 -0.003543900093063712 26
521 -0.003558222204446793 26.05
522 -0.003566794563084841 26.1
523 -0.003584291087463498 26.15
524 -0.003596232505515218 26.2
525 -0.0036187251098454 26.25
526 -0.003645718097686768 26.3
527 -0.00367817166261375 26.35
528 -0.00369904306717217 26.4
529 -0.003733902471140027 26.45
530 -0.003775514662265778 26.5
531 -0.003822631202638149 26.55
532 -0.003873536828905344 26.6
533 -0.003928347490727901 26.65
534 -0.003963973838835955 26.7
535 -0.004018887877464294 26.75
536 -0.004081857390701771 26.8
537 -0.004149193409830332 26.85
538 -0.004192646127194166 26.9
539 -0.00425652926787734 26.95
540 -0.004328475333750248 27
541 -0.004407011903822422 27.05
542 -0.00445916224271059 27.1
543 -0.004536153748631477 27.15
544 -0.004622736945748329 27.2
545 -0.004716874565929174 27.25
546 -0.004814121406525373 27.3
547 -0.004916495177894831 27.35
548 -0.005021233111619949 27.4
549 -0.005129574798047543 27.45
550 -0.005200125742703676 27.5
551 -0.005299449898302555 27.55
552 -0.005370064172893763 27.6
553 -0.005471999291330576 27.65
554 -0.00554452883079648 27.7
555 -0.005649411585181952 27.75
556 -0.005765188485383987 27.8
557 -0.005885851103812456 27.85
558 -0.006007713731378317 27.9
559 -0.006132037844508886 27.95
560 -0.006212325301021338 28
561 -0.006323182955384254 28.05
562 -0.006443269550800323 28.1
563 -0.006567450240254402 28.15
564 -0.00669139763340354 28.2
565 -0.006816653069108725 28.25
566 -0.006941195577383041 28.3
567 -0.007065645419061184 28.35
568 -0.00714602367952466 28.4
569 -0.007255044765770435 28.45
570 -0.007371671497821808 28.5
571 -0.007491792552173138 28.55
572 -0.007610703352838755 28.6
573 -0.007730304729193449 28.65
574 -0.00784781202673912 28.7
575 -0.007965403608977795 28.75
576 -0.00808041263371706 28.8
577 -0.008194443769752979 28.85
578 -0.008267774246633053 28.9
579 -0.008365362882614136 28.95
580 -0.008468760177493095 29
581 -0.008573248982429504 29.05
582 -0.008675336837768555 29.1
583 -0.008776010014116764 29.15
584 -0.008873438462615013 29.2
585 -0.008969520218670368 29.25
586 -0.009062236174941063 29.3
587 -0.009153908118605614 29.35
588 -0.009243574924767017 29.4
589 -0.009330075234174728 29.45
590 -0.009414743632078171 29.5
591 -0.00949664693325758 29.55
592 -0.009576329030096531 29.6
593 -0.009652753360569477 29.65
594 -0.009726932272315025 29.7
595 -0.009797531180083752 29.75
596 -0.009866091422736645 29.8
597 -0.009930132888257504 29.85
598 -0.009990580379962921 29.9
599 -0.01004585810005665 29.95
600 -0.01009629014879465 30
601 -0.01014140155166388 30.05
602 -0.01018091849982738 30.1
603 -0.01021468918770552 30.15
604 -0.01024270616471767 30.2
605 -0.0102648613974452 30.25
606 -0.01028129365295172 30.3
607 -0.01029185205698013 30.35
608 -0.01029684580862522 30.4
609 -0.01029677875339985 30.45
610 -0.01029159128665924 30.5
611 -0.01028134766966105 30.55
612 -0.0102631812915206 30.6
613 -0.01023987401276827 30.65
614 -0.01021501515060663 30.7
615 -0.01018946059048176 30.75
616 -0.01016234885901213 30.8
617 -0.01013216376304626 30.85
618 -0.0100995535030961 30.9
619 -0.01006317976862192 30.95
620 -0.01002363208681345 31
621 -0.009979604743421078 31.05
622 -0.009930845350027084 31.1
623 -0.009876104071736336 31.15
624 -0.009815728291869164 31.2
625 -0.00974864698946476 31.25
626 -0.009675749577581882 31.3
627 -0.009595532901585102 31.35
628 -0.009509949944913387 31.4
629 -0.009419272653758526 31.45
630 -0.009326833300292492 31.5
631 -0.009232085198163986 31.55
632 -0.009136009961366653 31.6
633 -0.009034153074026108 31.65
634 -0.008927746675908566 31.7
635 -0.008814294822514057 31.75
636 -0.008695891126990318 31.8
637 -0.008570559322834015 31.85
638 -0.008440771140158176 31.9
639 -0.008304141461849213 31.95
640 -0.008163612335920334 32
641 -0.008016157895326614 32.05
642 -0.00786473136395216 32.1
643 -0.007707892917096615 32.15
644 -0.007548680994659662 32.2
645 -0.007385191973298788 32.25
646 -0.00722054485231638 32.3
647 -0.007051330059766769 32.35
648 -0.006881075445562601 32.4
649 -0.006707528606057167 32.45
650 -0.006533112842589617 32.5
651 -0.006354543846100569 32.55
652 -0.006174495909363031 32.6
653 -0.005990161094814539 32.65
654 -0.005804555490612984 32.7
655 -0.005614391062408686 32.75
656 -0.00542322127148509 32.8
657 -0.005227518267929554 32.85
658 -0.005030788946896791 32.9
659 -0.004829525016248226 32.95
660 -0.004627306945621967 33
661 -0.004421090707182884 33.05
662 -0.004214083310216665 33.1
663 -0.00400302279740572 33.15
664 -0.003790930146351457 33.2
665 -0.003575296374037862 33.25
666 -0.003359334776178002 33.3
667 -0.00313976313918829 33.35
668 -0.00292085250839591 33.4
669 -0.002699499018490314 33.45
670 -0.002479167655110359 33.5
671 -0.002257094718515873 33.55
672 -0.002037070691585541 33.6
673 -0.001816200790926814 33.65
674 -0.001597845344804227 33.7
675 -0.00137846521101892 33.75
676 -0.001161677064374089 33.8
677 -0.000944490369874984 33.85
678 -0.0007302239537239075 33.9
679 -0.0005160225555300713 33.95
680 -0.0003046298515982926 34
681 -9.286316344514489e-05 34.05
682 0.0001157323422376066 34.1
683 0.0003248063439968973 34.15
684 0.0005307859973981977 34.2
685 0.0007349586812779307 34.25
686 0.0009381328709423542 34.3
687 0.001136703067459166 34.35
688 0.001332667423412204 34.4
689 0.001522676437161863 34.45
690 0.001708229538053274 34.5
691 0.001890400657430291 34.55
692 0.002067000139504671 34.6
693 0.00223857257515192 34.65
694 0.002405754989013076 34.7
695 0.002569770906120539 34.75
696 0.002728918800130486 34.8
697 0.002885269001126289 34.85
698 0.003035988658666611 34.9
699 0.003183493856340647 34.95
700 0.003325723111629486 35
701 0.00346419052220881 35.05
702 0.003598502604290843 35.1
703 0.00372956320643425 35.15
704 0.003855449147522449 35.2
705 0.003975396044552326 35.25
706 0.004089385271072388 35.3
707 0.00419656140729785 35.35
708 0.004296580329537392 35.4
709 0.004388789180666208 35.45
710 0.00447302358224988 35.5
711 0.004549715202301741 35.55
712 0.004618915729224682 35.6
713 0.004680173471570015 35.65
714 0.004734249785542488 35.7
715 0.004781320225447416 35.75
716 0.004821652080863714 35.8
717 0.004854773636907339 35.85
718 0.004881534725427628 35.9
719 0.004901745356619358 35.95
720 0.004915326368063688 36
721 0.004921985324472189 36.05
722 0.004921835381537676 36.1
723 0.00491452869027853 36.15
724 0.004900159779936075 36.2
725 0.004878601059317589 36.25
726 0.004849737975746393 36.3
727 0.004813636187463999 36.35
728 0.004770135041326284 36.4
729 0.004719282500445843 36.45
730 0.004661547485738993 36.5
731 0.004596245009452105 36.55
732 0.004523954354226589 36.6
733 0.004444082733243704 36.65
734 0.004356995224952698 36.7
735 0.004262556787580252 36.75
736 0.004160530865192413 36.8
737 0.004051451105624437 36.85
738 0.003935534507036209 36.9
739 0.003812792943790555 36.95
740 0.003683367744088173 37
741 0.003547282423824072 37.05
742 0.003405148163437843 37.1
743 0.003256130497902632 37.15
744 0.003101444570347667 37.2
745 0.002940985839813948 37.25
746 0.002774529857560992 37.3
747 0.002602219115942717 37.35
748 0.002424489706754684 37.4
749 0.002241029404103756 37.45
750 0.002052237279713154 37.5
751 0.001857979805208743 37.55
752 0.001658395398408175 37.6
753 0.001453388598747551 37.65
754 0.0012434555683285 37.7
755 0.001028646947816014 37.75
756 0.000809183984529227 37.8
757 0.0005853798938915133 37.85
758 0.0003570447152014822 37.9
759 0.0001246645406354219 37.95
760 -0.0001112536992877722 38
761 -0.0003508766822051257 38.05
762 -0.000593680189922452 38.1
763 -0.0008394941687583923 38.15
764 -0.001087984186597168 38.2
765 -0.001338493078947067 38.25
766 -0.001591034233570099 38.3
767 -0.001845560967922211 38.35
768 -0.00210182904265821 38.40000000000001
769 -0.002359453355893493 38.45
770 -0.002618846716359258 38.5
771 -0.002879425417631865 38.55
772 -0.003141304710879922 38.6
773 -0.003404381219297647 38.65000000000001
774 -0.003667968092486262 38.7
775 -0.003932021092623472 38.75
776 -0.004196037072688341 38.8
777 -0.004459588788449764 38.85
778 -0.004722180310636759 38.90000000000001
779 -0.004983268678188324 38.95
780 -0.005243034567683935 39
781 -0.005501096136868 39.05
782 -0.005756238475441933 39.1
783 -0.006007999181747437 39.15000000000001
784 -0.006257140077650547 39.2
785 -0.006506312172859907 39.25
786 -0.006755752023309469 39.3
787 -0.007004927843809128 39.35
788 -0.007253218907862902 39.40000000000001
789 -0.007499642670154572 39.45
790 -0.007744172122329473 39.5
791 -0.007988331839442253 39.55
792 -0.008229991421103477 39.6
793 -0.008466259576380253 39.65000000000001
794 -0.008698012679815292 39.7
795 -0.008927926421165466 39.75
796 -0.009154584258794785 39.8
797 -0.009376535192131996 39.85
798 -0.009594782255589962 39.90000000000001
799 -0.009807276539504528 39.95
800 -0.01001419592648745 40
801 -0.01021365541964769 40.05
802 -0.01040916331112385 40.1
803 -0.01059967651963234 40.15000000000001
804 -0.01078278757631779 40.2
805 -0.01095941103994846 40.25
806 -0.01113187056034803 40.3
807 -0.01129902713000774 40.35
808 -0.01145950984209776 40.40000000000001
809 -0.01161242462694645 40.45
810 -0.01175753679126501 40.5
811 -0.01189486030489206 40.55
812 -0.01202461123466492 40.6
813 -0.01214621309190989 40.65000000000001
814 -0.01225913967937231 40.7
815 -0.0123640475794673 40.75
816 -0.01245980523526669 40.8
817 -0.01254570204764605 40.85
818 -0.01262251194566488 40.90000000000001
819 -0.01269173994660378 40.95
820 -0.01275295671075583 41
821 -0.01280456129461527 41.05
822 -0.01284755766391754 41.1
823 -0.01288226339966059 41.15000000000001
824 -0.01290867198258638 41.2
825 -0.01292639598250389 41.25
826 -0.01293597463518381 41.3
827 -0.01293751504272223 41.35
828 -0.01293095946311951 41.40000000000001
829 -0.01291642617434263 41.45
830 -0.01289388164877892 41.5
831 -0.01286289002746344 41.55
832 -0.01282370090484619 41.6
833 -0.01277705002576113 41.65000000000001
834 -0.01272284239530563 41.7
835 -0.01266157254576683 41.75
836 -0.01259206421673298 41.8
837 -0.01251322962343693 41.85
838 -0.01242437213659286 41.90000000000001
839 -0.01232439465820789 41.95
840 -0.01221460569649935 42
841 -0.01209451910108328 42.05
842 -0.01196332182735205 42.1
843 -0.01182288862764835 42.15000000000001
844 -0.01167330238968134 42.2
845 -0.0115149449557066 42.25
846 -0.01134728267788887 42.3
847 -0.01117208506911993 42.35
848 -0.01098832953721285 42.40000000000001
849 -0.01079560071229935 42.45
850 -0.01059370301663876 42.5
851 -0.01038215495646 42.55
852 -0.01016257237643003 42.6
853 -0.00993476714938879 42.65000000000001
854 -0.009700640104711056 42.7
855 -0.009456765837967396 42.75
856 -0.009206472896039486 42.8
857 -0.008945982903242111 42.85
858 -0.008676717989146709 42.90000000000001
859 -0.008399286307394505 42.95
860 -0.008114228025078773 43
861 -0.007821658626198769 43.05
862 -0.007525153923779726 43.1
863 -0.007222873158752918 43.15000000000001
864 -0.006911785807460546 43.2
865 -0.006592507939785719 43.25
866 -0.006267416290938854 43.3
867 -0.005936390720307827 43.35
868 -0.00560020562261343 43.40000000000001
869 -0.005258528981357813 43.45
870 -0.004911771044135094 43.5
871 -0.004560267087072134 43.55
872 -0.004203094635158777 43.6
873 -0.003845608793199062 43.65000000000001
874 -0.003485970897600055 43.7
875 -0.003123190021142364 43.75
876 -0.002757699927315116 43.8
877 -0.002512897597625852 43.85
878 -0.002181488089263439 43.90000000000001
879 -0.001823538914322853 43.95
880 -0.00145605462603271 44
881 -0.00108474213629961 44.05
882 -0.0007114594336599112 44.1
883 -0.0003368404868524522 44.15000000000001
884 3.903987817466259e-05 44.2
885 0.000290229101665318 44.25
886 0.0006263962714001536 44.3
887 0.0009911623783409595 44.35
888 0.001240770681761205 44.40000000000001
889 0.001577362651005387 44.45
890 0.001942742150276899 44.5
891 0.002192525425925851 44.55
892 0.002532061887905002 44.6
893 0.002775532193481922 44.65000000000001
894 0.003108496544882655 44.7
895 0.003349609905853868 44.75
896 0.003680150024592876 44.8
897 0.003919210284948349 44.85
898 0.004246838856488466 44.90000000000001
899 0.004483722150325775 44.95
900 0.004807791672646999 45
901 0.005042249336838722 45.05
902 0.005362535361200571 45.1
903 0.005594052840024233 45.15000000000001
904 0.005910348147153854 45.2
905 0.006138353608548641 45.25
906 0.006449646316468716 45.3
907 0.006785668432712555 45.35
908 0.007013842463493347 45.40000000000001
909 0.007317426614463329 45.45
910 0.007535278331488371 45.5
911 0.007830310612916946 45.55
912 0.008042692206799984 45.6
913 0.008330646902322769 45.65000000000001
914 0.008537732996046543 45.7
915 0.008817697875201702 45.75
916 0.009018881246447563 45.8
917 0.009290862828493118 45.85
918 0.009485909715294838 45.90000000000001
919 0.009748909622430801 45.95
920 0.009937414899468422 46
921 0.01019119657576084 46.05
922 0.01037271786481142 46.1
923 0.01061694510281086 46.15000000000001
924 0.01079142186790705 46.2
925 0.01102521549910307 46.25
926 0.01119219604879618 46.3
927 0.01141535490751266 46.35
928 0.01157440990209579 46.40000000000001
929 0.01178887579590082 46.45
930 0.01194062363356352 46.5
931 0.01214286498725414 46.55
932 0.01228648796677589 46.6
933 0.01247788965702057 46.65000000000001
934 0.01261380966752768 46.7
935 0.01279421523213387 46.75
936 0.01292180828750134 46.8
937 0.01309021189808846 46.85
938 0.01320893038064241 46.90000000000001
939 0.01336508337408304 46.95
940 0.01347454730421305 47
941 0.01361734233796597 47.05
942 0.01371688488870859 47.1
943 0.0138458926230669 47.15000000000001
944 0.01393499970436096 47.2
945 0.01404991745948792 47.25
946 0.01412842143326998 47.3
947 0.0142287602648139 47.35
948 0.0142970085144043 47.40000000000001
949 0.01438199169933796 47.45
950 0.01443950925022364 47.5
951 0.01450945436954498 47.55
952 0.01455599907785654 47.6
953 0.01461128517985344 47.65000000000001
954 0.01464702282100916 47.7
955 0.0146877272054553 47.75
956 0.01471295673400164 47.8
957 0.0147391939535737 47.85
958 0.01475411374121904 47.90000000000001
959 0.01476658415049314 47.95
960 0.01477131061255932 48
961 0.01476942654699087 48.05
962 0.01476381532847881 48.1
963 0.01474772673100233 48.15000000000001
964 0.01473173685371876 48.2
965 0.014701122418046 48.25
966 0.01467441581189632 48.3
967 0.01462930906563997 48.35
968 0.01457140780985355 48.40000000000001
969 0.01450437493622303 48.45
970 0.01442508306354284 48.5
971 0.01433739066123962 48.55
972 0.01423671003431082 48.6
973 0.01412833668291569 48.65000000000001
974 0.01400666311383247 48.7
975 0.01391924358904362 48.75
976 0.01379294693470001 48.8
977 0.01369727402925491 48.85
978 0.0135578690096736 48.90000000000001
979 0.01345239020884037 48.95
980 0.01329946331679821 49
981 0.01318439655005932 49.05
982 0.01301854941993952 49.1
983 0.01289434917271137 49.15000000000001
984 0.01271591614931822 49.2
985 0.01258252002298832 49.25
986 0.01239140331745148 49.3
987 0.01224909257143736 49.35
988 0.01204650290310383 49.40000000000001
989 0.01189590431749821 49.45
990 0.01168191619217396 49.5
991 0.01152294781059027 49.55
992 0.01129821594804525 49.6
993 0.01113139092922211 49.65000000000001
994 0.0108962319791317 49.7
995 0.01072205416858196 49.75
996 0.01047637313604355 49.8
997 0.01029499899595976 49.85
998 0.01004058867692947 49.90000000000001
999 0.009852701798081398 49.95
1000 0.009589723311364651 50
1001 0.009395817294716835 50.05
1002 0.009124054573476315 50.1
1003 0.008923782035708427 50.15000000000001
1004 0.008644422516226768 50.2
1005 0.008438904769718647 50.25
1006 0.008153574541211128 50.3
1007 0.007943709380924702 50.35
1008 0.007653270848095417 50.40000000000001
1009 0.007439753040671349 50.45
1010 0.00714509654790163 50.5
1011 0.006928935647010803 50.55
1012 0.00662724208086729 50.6
1013 0.006405793130397797 50.65000000000001
1014 0.0060978839173913 50.7
1015 0.005872130393981934 50.75
1016 0.005560705438256264 50.8
1017 0.00533259054645896 50.85
1018 0.005017895251512527 50.90000000000001
1019 0.004787805490195751 50.95
1020 0.004470624960958958 51
1021 0.004238505382090807 51.05
1022 0.003918323200196028 51.1
1023 0.003684358205646276 51.15000000000001
1024 0.003361549461260438 51.2
1025 0.003125730436295271 51.25
1026 0.002810084726661444 51.3
1027 0.002467568963766098 51.35
1028 0.002115966286510229 51.40000000000001
1029 0.001761240651831031 51.45
1030 0.001405695802532136 51.5
1031 0.001039817463606596 51.55
1032 0.0007935900939628482 51.6
1033 0.0004649553156923503 51.65000000000001
1034 0.0002276464365422726 51.7
1035 -9.622107609175146e-05 51.75
1036 -0.0003312384651508182 51.8
1037 -0.0006527405930683017 51.85
1038 -0.0008861137903295457 51.90000000000001
1039 -0.001204790780320764 51.95
1040 -0.001435935962945223 52
1041 -0.001751566072925925 52.05
1042 -0.00198017992079258 52.1
1043 -0.002283870242536068 52.15000000000001
1044 -0.002610305789858103 52.2
1045 -0.002941763261333108 52.25
1046 -0.003272532485425472 52.3
1047 -0.003600972937420011 52.35
1048 -0.003925782162696123 52.40000000000001
1049 -0.004246771801263094 52.45
1050 -0.004563800059258938 52.5
1051 -0.004876309540122747 52.55
1052 -0.005184133071452379 52.6
1053 -0.005487175658345222 52.65000000000001
1054 -0.00578518770635128 52.7
1055 -0.006077986676245928 52.75
1056 -0.006365376058965921 52.8
1057 -0.006647220347076654 52.85
1058 -0.0069229188375175 52.90000000000001
1059 -0.007192450109869242 52.95
1060 -0.007455640006810427 53
1061 -0.00771227153018117 53.05
1062 -0.007962307892739773 53.1
1063 -0.00820548553019762 53.15000000000001
1064 -0.008441761136054993 53.2
1065 -0.008670937269926071 53.25
1066 -0.008893088437616825 53.3
1067 -0.00910797156393528 53.35
1068 -0.009315486066043377 53.40000000000001
1069 -0.009515332989394665 53.45
1070 -0.00970751978456974 53.5
1071 -0.009891776368021965 53.55
1072 -0.01006796024739742 53.6
1073 -0.01023597083985806 53.65000000000001
1074 -0.01039546728134155 53.7
1075 -0.01054655481129885 53.75
1076 -0.01068881433457136 53.8
1077 -0.01082231663167477 53.85
1078 -0.01094690058380365 53.90000000000001
1079 -0.01106246188282967 53.95
1080 -0.01116880960762501 54
1081 -0.01126618310809135 54.05
1082 -0.01135447528213263 54.1
1083 -0.0114336684346199 54.15000000000001
1084 -0.01150351483374834 54.2
1085 -0.01156388130038977 54.25
1086 -0.01161553431302309 54.3
1087 -0.01165773998945951 54.35
1088 -0.01169073209166527 54.40000000000001
1089 -0.01171468384563923 54.45
1090 -0.01172932889312506 54.5
1091 -0.01173477992415428 54.55
1092 -0.01173207070678473 54.6
1093 -0.0117208007723093 54.65000000000001
1094 -0.01170149445533752 54.7
1095 -0.01167396828532219 54.75
1096 -0.01163770724087954 54.8
1097 -0.01159158907830715 54.85
1098 -0.01153556536883116 54.90000000000001
1099 -0.01146937347948551 54.95
1100 -0.01139325182884932 55
1101 -0.01130719482898712 55.05
1102 -0.01121179666370153 55.1
1103 -0.01110720075666904 55.15000000000001
1104 -0.01099346671253443 55.2
1105 -0.01087152492254972 55.25
1106 -0.01074063498526812 55.3
1107 -0.01060175895690918 55.35
1108 -0.0104549853131175 55.40000000000001
1109 -0.01030032802373171 55.45
1110 -0.01013765204697847 55.5
1111 -0.009967350400984287 55.55
1112 -0.009789546951651573 55.6
1113 -0.009604420512914658 55.65000000000001
1114 -0.009411410428583622 55.7
1115 -0.009211257100105286 55.75
1116 -0.009003437124192715 55.8
1117 -0.008788145147264004 55.85
1118 -0.00856521911919117 55.90000000000001
1119 -0.008335277438163757 55.95
1120 -0.008098010905086994 56
1121 -0.007853713817894459 56.05
1122 -0.007602146361023188 56.1
1123 -0.007343505509197712 56.15000000000001
1124 -0.007078174501657486 56.2
1125 -0.006806605029851198 56.25
1126 -0.006529700942337513 56.3
1127 -0.006247445475310087 56.35
1128 -0.005960203241556883 56.40000000000001
1129 -0.005668729543685913 56.45
1130 -0.005373260006308556 56.5
1131 -0.005074053071439266 56.55
1132 -0.004771304782480001 56.6
1133 -0.004465337842702866 56.65000000000001
1134 -0.004156029317528009 56.7
1135 -0.003844007151201367 56.75
1136 -0.003520781407132745 56.8
1137 -0.003300598124042153 56.85
1138 -0.003005018923431635 56.90000000000001
1139 -0.00278920354321599 56.95
1140 -0.002500417409464717 57
1141 -0.002187149133533239 57.05
1142 -0.001864386955276132 57.1
1143 -0.001537208911031485 57.15000000000001
1144 -0.001207572175189853 57.2
1145 -0.0008759326301515102 57.25
1146 -0.0005428788135759532 57.3
1147 -0.0002082029241137207 57.35
1148 0.0001271909568458796 57.40000000000001
1149 0.0004625590518116951 57.45
1150 0.0007974614854902029 57.5
1151 0.001131704309955239 57.55
1152 0.001464875997044146 57.6
1153 0.001796319847926497 57.65000000000001
1154 0.002126216189935803 57.7
1155 0.002454170491546392 57.75
1156 0.002779782982543111 57.8
1157 0.003103218972682953 57.85
1158 0.003423751797527075 57.90000000000001
1159 0.003741869470104575 57.95
1160 0.004056810867041349 58
1161 0.004368437454104424 58.05
1162 0.004676758777350187 58.1
1163 0.004981235135346651 58.15000000000001
1164 0.005281803198158741 58.2
1165 0.00557810440659523 58.25
1166 0.005870047491043806 58.3
1167 0.006157370284199715 58.35
1168 0.006439650431275368 58.40000000000001
1169 0.006717109587043524 58.45
1170 0.006989091169089079 58.5
1171 0.007255676202476025 58.55
1172 0.007516507990658283 58.6
1173 0.007771298289299011 58.65000000000001
1174 0.008020070381462574 58.7
1175 0.008243581280112267 58.75
1176 0.008473603054881096 58.8
1177 0.008701524697244167 58.85
1178 0.008924147114157677 58.90000000000001
1179 0.009140149690210819 58.95
1180 0.00934896245598793 59
1181 0.009550722315907478 59.05
1182 0.009744818322360516 59.1
1183 0.009931299835443497 59.15000000000001
1184 0.0101099656894803 59.2
1185 0.01028061751276255 59.25
1186 0.01044315472245216 59.3
1187 0.01059741899371147 59.35
1188 0.01074341032654047 59.40000000000001
1189 0.0108809657394886 59.45
1190 0.01101030129939318 59.5
1191 0.01113092713057995 59.55
1192 0.01124279294162989 59.6
1193 0.011346067301929 59.65000000000001
1194 0.01144077721983194 59.7
1195 0.01152023021131754 59.75
1196 0.01159618142992258 59.8
1197 0.01166527438908815 59.85
1198 0.011726806871593 59.90000000000001
1199 0.01177983731031418 59.95
1200 0.01182424928992987 60
1201 0.01185985282063484 60.05
1202 0.01188650168478489 60.1
1203 0.01190435234457254 60.15000000000001
1204 0.01191291213035583 60.2
1205 0.01191260386258364 60.25
1206 0.01190363895148039 60.3
1207 0.01188621576875448 60.35
1208 0.01186065655201674 60.40000000000001
1209 0.01182730030268431 60.45
1210 0.01178590953350067 60.5
1211 0.01173679996281862 60.55
1212 0.01167962141335011 60.6
1213 0.01161283068358898 60.65000000000001
1214 0.01153629925101995 60.7
1215 0.01145027298480272 60.75
1216 0.01135517749935389 60.8
1217 0.01125149428844452 60.85
1218 0.01113968063145876 60.90000000000001
1219 0.01102002989500761 60.95
1220 0.01089303009212017 61
1221 0.01075852196663618 61.05
1222 0.01061691343784332 61.1
1223 0.01046817377209663 61.15000000000001
1224 0.01031240541487932 61.2
1225 0.01014975737780333 61.25
1226 0.009980851784348488 61.3
1227 0.009805632755160332 61.35
1228 0.009624585509300232 61.40000000000001
1229 0.009437667205929756 61.45
1230 0.009244322776794434 61.5
1231 0.009044915437698364 61.55
1232 0.008839673362672329 61.6
1233 0.008628271520137787 61.65000000000001
1234 0.008411317132413387 61.7
1235 0.008188804611563683 61.75
1236 0.007960946299135685 61.8
1237 0.00772786932066083 61.85
1238 0.007489530835300684 61.90000000000001
1239 0.007246554363518953 61.95
1240 0.006999007426202297 62
1241 0.006747291889041662 62.05
1242 0.006491769570857286 62.1
1243 0.006233146414160728 62.15000000000001
1244 0.005971360486000776 62.2
1245 0.005706704687327147 62.25
1246 0.00543975131586194 62.3
1247 0.005170357879251242 62.35
1248 0.004899102263152599 62.40000000000001
1249 0.004625908099114895 62.45
1250 0.004351465031504631 62.5
1251 0.004075606819242239 62.55
1252 0.003798697842285037 62.6
1253 0.003520939033478498 62.65000000000001
1254 0.003242353908717632 62.7
1255 0.002963604871183634 62.75
1256 0.00268467259593308 62.8
1257 0.002405942883342505 62.85
1258 0.002127195941284299 62.90000000000001
1259 0.00184904201887548 62.95
1260 0.001571574714034796 63
1261 0.001294826855883002 63.05
1262 0.001019158866256475 63.1
1263 0.0007447918178513646 63.15000000000001
1264 0.0004718512063845992 63.2
1265 0.0002005855785682797 63.25
1266 -6.885142647661269e-05 63.3
1267 -0.0003365672891959548 63.35
1268 -0.0006020712899044156 63.40000000000001
1269 -0.0008652372052893043 63.45
1270 -0.001125697628594935 63.5
1271 -0.001383158611133695 63.55
1272 -0.001637306530028582 63.6
1273 -0.001887765247374773 63.65000000000001
1274 -0.002134122885763645 63.7
1275 -0.002375975484028459 63.75
1276 -0.002612942364066839 63.8
1277 -0.00284476624801755 63.85
1278 -0.003071190323680639 63.90000000000001
1279 -0.003291975241154432 63.95
1280 -0.003506784327328205 64
1281 -0.003715729573741555 64.05
1282 -0.003918944858014584 64.10000000000001
1283 -0.004055056720972061 64.15000000000001
1284 -0.004227683879435062 64.2
1285 -0.004408757667988539 64.25
1286 -0.0045879608951509 64.3
1287 -0.00476247351616621 64.35000000000001
1288 -0.004931274801492691 64.40000000000001
1289 -0.005093968007713556 64.45
1290 -0.005238350480794907 64.5
1291 -0.005385137628763914 64.55
1292 -0.00552836898714304 64.60000000000001
1293 -0.005666166078299284 64.65000000000001
1294 -0.005797906778752804 64.7
1295 -0.005922972690314054 64.75
1296 -0.006032127421349287 64.8
1297 -0.006142225582152605 64.85000000000001
1298 -0.006248683668673038 64.90000000000001
1299 -0.006341630592942238 64.95
1300 -0.006434619892388582 65
1301 -0.006516465451568365 65.05
1302 -0.006598120555281639 65.10000000000001
1303 -0.006668180227279663 65.15000000000001
1304 -0.006736351642757654 65.2
1305 -0.006778264418244362 65.25
1306 -0.006824840791523457 65.3
1307 -0.006868433207273483 65.35000000000001
1308 -0.006902062799781561 65.40000000000001
1309 -0.006929896771907806 65.45
1310 -0.006948673166334629 65.5
1311 -0.006960761267691851 65.55
1312 -0.006964814849197865 65.60000000000001
1313 -0.006961152423173189 65.65000000000001
1314 -0.006950536742806435 65.7
1315 -0.006931170355528593 65.75
1316 -0.006906108465045691 65.8
1317 -0.00687146233394742 65.85000000000001
1318 -0.006832090672105551 65.90000000000001
1319 -0.00678257318213582 65.95
1320 -0.006729492917656898 66
1321 -0.006665800698101521 66.05
1322 -0.00659945560619235 66.10000000000001
1323 -0.006521726958453655 66.15000000000001
1324 -0.00644251611083746 66.2
1325 -0.006351391319185495 66.25
1326 -0.006259623914957047 66.3
1327 -0.006155327428132296 66.35000000000001
1328 -0.006051308941096067 66.40000000000001
1329 -0.005934071261435747 66.45
1330 -0.005817899946123362 66.5
1331 -0.005687611643224955 66.55
1332 -0.005559468176215887 66.60000000000001
1333 -0.005416668485850096 66.65000000000001
1334 -0.005264787003397942 66.7
1335 -0.005105514079332352 66.75
1336 -0.004990790039300919 66.8
1337 -0.004836093634366989 66.85000000000001
1338 -0.004717740695923567 66.90000000000001
1339 -0.004555719438940287 66.95
1340 -0.004431405104696751 67
1341 -0.004261209163814783 67.05
1342 -0.004131096880882978 67.10000000000001
1343 -0.003952979575842619 67.15000000000001
1344 -0.003755767364054918 67.2
1345 -0.00361288501881063 67.25
1346 -0.003420179709792137 67.3
1347 -0.003208729904145002 67.35000000000001
1348 -0.003056158078834414 67.40000000000001
1349 -0.002852194709703326 67.45
1350 -0.002698016352951527 67.5
1351 -0.002489388221874833 67.55
1352 -0.002330978168174624 67.60000000000001
1353 -0.002116889925673604 67.65000000000001
1354 -0.00195465749129653 67.7
1355 -0.001735015772283077 67.75
1356 -0.001568957231938839 67.8
1357 -0.001344311283901334 67.85000000000001
1358 -0.00117482733912766 67.90000000000001
1359 -0.0009461035369895399 67.95
1360 -0.0007739887805655599 68
1361 -0.0005420173984020948 68.05
1362 -0.0003673809405881912 68.10000000000001
1363 -0.0001326501369476318 68.15000000000001
1364 4.387620720081031e-05 68.2
1365 0.0002811700396705419 68.25
1366 0.0004595029167830944 68.3
1367 0.0006991283735260367 68.35000000000001
1368 0.0008789310813881457 68.40000000000001
1369 0.001120340311899781 68.45
1370 0.001301460899412632 68.5
1371 0.001543964608572423 68.55
1372 0.001725763198919594 68.60000000000001
1373 0.001974766608327627 68.65000000000001
1374 0.002158149844035506 68.7
1375 0.002401544712483883 68.75
1376 0.00258339662104845 68.8
1377 0.002825803123414516 68.85000000000001
1378 0.003007089020684361 68.90000000000001
1379 0.003248531837016344 68.95
1380 0.003428713884204626 69
1381 0.00366847706027329 69.05
1382 0.003847652580589056 69.10000000000001
1383 0.004092053510248661 69.15000000000001
1384 0.004271097481250763 69.2
1385 0.004508104640990496 69.25
1386 0.004684177692979574 69.3
1387 0.004917849786579609 69.35000000000001
1388 0.005091659724712372 69.40000000000001
1389 0.005322201177477837 69.45
1390 0.00549330934882164 69.5
1391 0.005725210998207331 69.55
1392 0.005894042551517487 69.60000000000001
1393 0.006116488017141819 69.65000000000001
1394 0.006280521396547556 69.7
1395 0.006502989213913679 69.75
1396 0.006664296612143517 69.8
1397 0.006875842809677124 69.85000000000001
1398 0.007031575310975313 69.90000000000001
1399 0.007236852310597897 69.95
1400 0.007387831807136536 70
1401 0.00758639769628644 70.05
1402 0.007796812802553177 70.10000000000001
1403 0.007943015545606613 70.15000000000001
1404 0.008131206035614014 70.2
1405 0.008268389850854874 70.25
1406 0.008447668515145779 70.3
1407 0.008579104207456112 70.35000000000001
1408 0.00874994695186615 70.40000000000001
1409 0.008875361643731594 70.45
1410 0.009037777781486511 70.5
1411 0.009156661108136177 70.55
1412 0.009310535155236721 70.60000000000001
1413 0.009422936476767063 70.65000000000001
1414 0.009567813947796822 70.7
1415 0.009673424065113068 70.75
1416 0.009808830916881561 70.8
1417 0.009907234460115433 70.85000000000001
1418 0.01003326568752527 70.90000000000001
1419 0.01012448687106371 70.95
1420 0.01024040207266808 71
1421 0.01036028005182743 71.05
1422 0.01046790461987257 71.10000000000001
1423 0.01057546213269234 71.15000000000001
1424 0.0106707876548171 71.2
1425 0.01076517999172211 71.25
1426 0.01084784232079983 71.3
1427 0.01092840638011694 71.35000000000001
1428 0.01098122261464596 71.40000000000001
1429 0.01104396488517523 71.45
1430 0.01108737662434578 71.5
1431 0.01113907527178526 71.55
1432 0.01117435749620199 71.60000000000001
1433 0.01121493894606829 71.65000000000001
1434 0.01124207768589258 71.7
1435 0.01127214916050434 71.75
1436 0.01129111833870411 71.8
1437 0.0113120898604393 71.85000000000001
1438 0.01132419425994158 71.90000000000001
1439 0.01133511494845152 71.95
1440 0.011339514516294 72
1441 0.01133987028151751 72.05
1442 0.01133342552930117 72.10000000000001
1443 0.01131794787943363 72.15000000000001
1444 0.01130253355950117 72.2
1445 0.01127424370497465 72.25
1446 0.0112404627725482 72.3
1447 0.01119702868163586 72.35000000000001
1448 0.01114948652684689 72.40000000000001
1449 0.01109131146222353 72.45
1450 0.01103033404797316 72.5
1451 0.01095818169414997 72.55
1452 0.01090353261679411 72.60000000000001
1453 0.01082460768520832 72.65000000000001
1454 0.01076257694512606 72.7
1455 0.01067354157567024 72.75
1456 0.01060369983315468 72.8
1457 0.0105048269033432 72.85000000000001
1458 0.01042771153151989 72.90000000000001
1459 0.01031835749745369 72.95
1460 0.01023360248655081 73
1461 0.01011477038264275 73.05
1462 0.01002310868352652 73.10000000000001
1463 0.009895289316773415 73.15000000000001
1464 0.00979684479534626 73.2
1465 0.009659936651587486 73.25
1466 0.00955496821552515 73.3
1467 0.009409472346305847 73.35000000000001
1468 0.009298119693994522 73.40000000000001
1469 0.009144416078925133 73.45
1470 0.009026672691106796 73.5
1471 0.008865214884281158 73.55
1472 0.008741843514144421 73.60000000000001
1473 0.008572513237595558 73.65000000000001
1474 0.008443418890237808 73.7
1475 0.008267076686024666 73.75
1476 0.008132681250572205 73.8
1477 0.007949359714984894 73.85000000000001
1478 0.007810181006789207 73.90000000000001
1479 0.007620795164257288 73.95
1480 0.007477080449461937 74
1481 0.007281950674951077 74.05
1482 0.007134168408811092 74.10000000000001
1483 0.006933756172657013 74.15000000000001
1484 0.006782086100429296 74.2
1485 0.006576873827725649 74.25
1486 0.006421744357794523 74.3
1487 0.006212173495441675 74.35000000000001
1488 0.006053662858903408 74.40000000000001
1489 0.005839628633111715 74.45
1490 0.005678094457834959 74.5
1491 0.005460647866129875 74.55
1492 0.005296499468386173 74.60000000000001
1493 0.005075452383607626 74.65000000000001
1494 0.004908667411655188 74.7
1495 0.00468464707955718 74.75
1496 0.004515695851296186 74.8
1497 0.004288168158382177 74.85000000000001
1498 0.004116745200008154 74.90000000000001
1499 0.003886180464178324 74.95
1500 0.00371278915554285 75
1501 0.003479802282527089 75.05
1502 0.003304789075627923 75.10000000000001
1503 0.003070373553782701 75.15000000000001
1504 0.002894458128139377 75.2
1505 0.002658958313986659 75.25
1506 0.002482393756508827 75.3
1507 0.00224615097977221 75.35000000000001
1508 0.002069279318675399 75.40000000000001
1509 0.001832537585869431 75.45
1510 0.001655510277487338 75.5
1511 0.001419095322489738 75.55
1512 0.001242403872311115 75.60000000000001
1513 0.001007108832709491 75.65000000000001
1514 0.0008315941086038947 75.7
1515 0.0005980232381261885 75.75
1516 0.0004238832916598767 75.8
1517 0.0001927672419697046 75.85000000000001
1518 2.066511660814285e-05 75.90000000000001
1519 -0.0002077058015856892 75.95
1520 -0.0003771319170482457 76
1521 -0.0006021096487529576 76.05
1522 -0.0007692484650760889 76.10000000000001
1523 -0.0009898459538817406 76.15000000000001
1524 -0.001153396093286574 76.2
1525 -0.001370318466797471 76.25
1526 -0.001530960202217102 76.3
1527 -0.001743231434375048 76.35000000000001
1528 -0.001900513889268041 76.40000000000001
1529 -0.002107945503666997 76.45
1530 -0.002261243294924498 76.5
1531 -0.00246400129981339 76.55
1532 -0.002613799180835485 76.60000000000001
1533 -0.002810982055962086 76.65000000000001
1534 -0.00295653473585844 76.7
1535 -0.003153215395286679 76.75
1536 -0.00329575315117836 76.80000000000001
1537 -0.003481458174064755 76.85000000000001
1538 -0.003617863170802593 76.90000000000001
1539 -0.003796344855800271 76.95
1540 -0.003927458077669144 77
1541 -0.004099038895219564 77.05000000000001
1542 -0.004224714357405901 77.10000000000001
1543 -0.004389110952615738 77.15000000000001
1544 -0.004509214777499437 77.2
1545 -0.004665834363549948 77.25
1546 -0.004779821261763573 77.30000000000001
1547 -0.004927738569676876 77.35000000000001
1548 -0.005034854635596275 77.40000000000001
1549 -0.005173268262296915 77.45
1550 -0.005273082293570042 77.5
1551 -0.005400885827839375 77.55000000000001
1552 -0.005492425989359617 77.60000000000001
1553 -0.005609697662293911 77.65000000000001
1554 -0.005693140905350447 77.7
1555 -0.005799182690680027 77.75
1556 -0.005874636117368937 77.80000000000001
1557 -0.005969395395368338 77.85000000000001
1558 -0.006036664824932814 77.90000000000001
1559 -0.006120484322309494 77.95
1560 -0.006179571151733398 78
1561 -0.006252805702388287 78.05000000000001
1562 -0.006303669884800911 78.10000000000001
1563 -0.006366648711264133 78.15000000000001
1564 -0.006423985119909048 78.2
1565 -0.006479688920080662 78.25
1566 -0.006514978129416704 78.30000000000001
1567 -0.006554938852787018 78.35000000000001
1568 -0.006580972578376532 78.40000000000001
1569 -0.0066109299659729 78.45
1570 -0.006629627663642168 78.5
1571 -0.00664905272424221 78.55000000000001
1572 -0.006660052109509706 78.60000000000001
1573 -0.006669631693512201 78.65000000000001
1574 -0.006673410069197416 78.7
1575 -0.006673857569694519 78.75
1576 -0.006670611910521984 78.80000000000001
1577 -0.006662050727754831 78.85000000000001
1578 -0.006652130745351315 78.90000000000001
1579 -0.006634426768869162 78.95
1580 -0.006617522798478603 79
1581 -0.006589701864868402 79.05000000000001
1582 -0.006564844865351915 79.10000000000001
1583 -0.006526143755763769 79.15000000000001
1584 -0.006492826621979475 79.2
1585 -0.00644203694537282 79.25
1586 -0.006399862468242645 79.30000000000001
1587 -0.006337590515613556 79.35000000000001
1588 -0.006287013180553913 79.40000000000001
1589 -0.006213413085788488 79.45
1590 -0.006154716946184635 79.5
1591 -0.006070465315133333 79.55000000000001
1592 -0.006003845017403364 79.60000000000001
1593 -0.005909201223403215 79.65000000000001
1594 -0.005834911018610001 79.7
1595 -0.005730359815061092 79.75
1596 -0.005648596212267876 79.80000000000001
1597 -0.005534458439797163 79.85000000000001
1598 -0.005445588380098343 79.90000000000001
1599 -0.005322201643139124 79.95
1600 -0.005226538982242346 80
1601 -0.005093967076390982 80.05000000000001
1602 -0.004991578403860331 80.10000000000001
1603 -0.00485063623636961 80.15000000000001
1604 -0.004741964396089315 80.2
1605 -0.00459312042221427 80.25
1606 -0.004478797316551208 80.30000000000001
1607 -0.004321993328630924 80.35000000000001
1608 -0.004202158655971289 80.40000000000001
1609 -0.004038321319967508 80.45
1610 -0.003913247492164373 80.5
1611 -0.003742668777704239 80.55000000000001
1612 -0.003612629370763898 80.60000000000001
1613 -0.003436290426179767 80.65000000000001
1614 -0.003302067285403609 80.7
1615 -0.003119617933407426 80.75
1616 -0.002980956574901938 80.80000000000001
1617 -0.002793277148157358 80.85000000000001
1618 -0.002650546375662088 80.90000000000001
1619 -0.002457736991345882 80.95
1620 -0.00231119804084301 81
1621 -0.002113588619977236 81.05000000000001
1622 -0.001963573275133967 81.10000000000001
1623 -0.001761198975145817 81.15000000000001
1624 -0.001607783953659236 81.2
1625 -0.001400611829012632 81.25
1626 -0.001243748934939504 81.30000000000001
1627 -0.001032399595715106 81.35000000000001
1628 -0.0008723607752472162 81.40000000000001
1629 -0.0006568587850779295 81.45
1630 -0.0004939681966789067 81.5
1631 -0.0002747427206486464 81.55000000000001
1632 -0.0001091564772650599 81.60000000000001
1633 0.0001135624188464135 81.65000000000001
1634 0.0002814511535689235 81.7
1635 0.0005070056649856269 81.75
1636 0.0006767628365196288 81.80000000000001
1637 0.0009043506579473615 81.85000000000001
1638 0.001075537642464042 81.90000000000001
1639 0.001304922625422478 81.95
1640 0.001477015903219581 82
1641 0.001707083079963923 82.05000000000001
1642 0.00187965901568532 82.10000000000001
1643 0.002109621418640018 82.15000000000001
1644 0.002281801076605916 82.2
1645 0.002510891295969486 82.25
1646 0.002682271180674434 82.30000000000001
1647 0.002909978618845344 82.35000000000001
1648 0.003079844871535897 82.40000000000001
1649 0.003305221907794476 82.45
1650 0.003473463468253613 82.5
1651 0.003696174593642354 82.55000000000001
1652 0.003862152574583888 82.60000000000001
1653 0.004081758670508862 82.65000000000001
1654 0.004245229996740818 82.7
1655 0.004461477976292372 82.75
1656 0.004622315987944603 82.80000000000001
1657 0.004835291299968958 82.85000000000001
1658 0.004993634298443794 82.90000000000001
1659 0.005202284082770348 82.95
1660 0.005357316695153713 83
1661 0.005561540834605694 83.05000000000001
1662 0.005713041871786118 83.10000000000001
1663 0.005912560503929853 83.15000000000001
1664 0.006060267798602581 83.2
1665 0.006254677660763264 83.25
1666 0.006397868506610394 83.30000000000001
1667 0.00658680172637105 83.35000000000001
1668 0.00672548683360219 83.40000000000001
1669 0.00690798694267869 83.45
1670 0.007101366296410561 83.5
1671 0.007235361728817225 83.55000000000001
1672 0.00740779610350728 83.60000000000001
1673 0.007588824257254601 83.65000000000001
1674 0.007713694591075182 83.7
1675 0.007873546332120895 83.75
1676 0.008040759712457657 83.80000000000001
1677 0.008155747316777706 83.85000000000001
1678 0.008303431794047356 83.90000000000001
1679 0.008458176627755165 83.95
1680 0.008564158342778683 84
1681 0.008700154721736908 84.05000000000001
1682 0.008840547874569893 84.10000000000001
1683 0.008935957215726376 84.15000000000001
1684 0.009054644033312798 84.2
1685 0.009139420464634895 84.25
1686 0.009246407076716423 84.30000000000001
1687 0.009355969727039337 84.35000000000001
1688 0.009429765865206718 84.40000000000001
1689 0.009520655497908592 84.45
1690 0.009584869258105755 84.5
1691 0.009665118530392647 84.55000000000001
1692 0.009740188717842102 84.60000000000001
1693 0.009814889170229435 84.65000000000001
1694 0.009879543446004391 84.7
1695 0.009941526688635349 84.75
1696 0.009993614628911018 84.80000000000001
1697 0.01004162803292274 84.85000000000001
1698 0.01008044369518757 84.90000000000001
1699 0.01011409889906645 84.95
1700 0.01013914495706558 85
1701 0.01015816163271666 85.05000000000001
1702 0.01016941666603088 85.10000000000001
1703 0.01017407141625881 85.15000000000001
1704 0.01017195265740156 85.2
1705 0.01016264501959085 85.25
1706 0.01014796551316977 85.30000000000001
1707 0.01012555323541164 85.35000000000001
1708 0.01009863242506981 85.40000000000001
1709 0.01006370969116688 85.45
1710 0.01002506539225578 85.5
1711 0.00997762568295002 85.55000000000001
1712 0.009927458129823208 85.60000000000001
1713 0.009868018329143524 85.65000000000001
1714 0.009806469082832336 85.7
1715 0.009736571460962296 85.75
1716 0.009665443561971188 85.80000000000001
1717 0.009583174251019955 85.85000000000001
1718 0.00949910469353199 85.90000000000001
1719 0.009401731193065643 85.95
1720 0.009302861057221889 86
1721 0.009189598262310028 86.05000000000001
1722 0.00910521112382412 86.10000000000001
1723 0.008987564593553543 86.15000000000001
1724 0.008865395560860634 86.2
1725 0.00872732512652874 86.25
1726 0.008591169491410255 86.30000000000001
1727 0.008440183475613594 86.35000000000001
1728 0.008330155164003372 86.40000000000001
1729 0.008180883713066578 86.45
1730 0.008066930808126926 86.5
1731 0.007910893298685551 86.55000000000001
1732 0.007791458163410425 86.60000000000001
1733 0.007629071362316608 86.65000000000001
1734 0.007504748646169901 86.7
1735 0.007335728034377098 86.75
1736 0.007206704001873732 86.80000000000001
1737 0.007031803019344807 86.85000000000001
1738 0.006898412015289068 86.90000000000001
1739 0.006717874202877283 86.95
1740 0.006580563262104988 87
1741 0.006394455209374428 87.05000000000001
1742 0.00625311303883791 87.10000000000001
1743 0.006062550935894251 87.15000000000001
1744 0.005917924921959639 87.2
1745 0.005723090842366219 87.25
1746 0.005575488787144423 87.30000000000001
1747 0.005376801360398531 87.35000000000001
1748 0.005226330831646919 87.40000000000001
1749 0.005024062935262918 87.45
1750 0.004871077369898558 87.5
1751 0.004666103515774012 87.55000000000001
1752 0.004511044360697269 87.60000000000001
1753 0.004302868619561195 87.65000000000001
1754 0.004145837388932705 87.7
1755 0.003935422748327255 87.75
1756 0.003776561003178358 87.80000000000001
1757 0.003564143786206841 87.85000000000001
1758 0.003403778420761228 87.90000000000001
1759 0.003189587965607643 87.95
1760 0.003028188832104206 88
1761 0.002812769962474704 88.05000000000001
1762 0.002650753827765584 88.10000000000001
1763 0.00243470654822886 88.15000000000001
1764 0.002272373763844371 88.2
1765 0.002056529279798269 88.25
1766 0.001894568675197661 88.30000000000001
1767 0.001679339446127415 88.35000000000001
1768 0.001518012955784798 88.40000000000001
1769 0.001303671859204769 88.45
1770 0.00114347692579031 88.5
1771 0.0009259255602955818 88.55000000000001
1772 0.0007664582808502018 88.60000000000001
1773 0.0005559950368478894 88.65000000000001
1774 0.0003994300204794854 88.7
1775 0.0001875349262263626 88.75
1776 3.248790744692087e-05 88.80000000000001
1777 -0.0001712051162030548 88.85000000000001
1778 -0.0003223591193091124 88.90000000000001
1779 -0.0005265394574962556 88.95
1780 -0.0006754049099981785 89
1781 -0.0008706537773832679 89.05000000000001
1782 -0.001015156507492065 89.10000000000001
1783 -0.001209925161674619 89.15000000000001
1784 -0.001351694343611598 89.2
1785 -0.001536413794383407 89.25
1786 -0.001672971295192838 89.30000000000001
1787 -0.001852090121246874 89.35000000000001
1788 -0.001984524074941874 89.40000000000001
1789 -0.002162205521017313 89.45
1790 -0.002291259588673711 89.5
1791 -0.002458367496728897 89.55000000000001
1792 -0.002581046428531408 89.60000000000001
1793 -0.002741629024967551 89.65000000000001
1794 -0.002911801217123866 89.7
1795 -0.003030426567420363 89.75
1796 -0.003185823559761047 89.80000000000001
1797 -0.003297785762697458 89.85000000000001
1798 -0.0034424455370754 89.90000000000001
1799 -0.003595043439418077 89.95
1800 -0.003700557397678494 90
1801 -0.003835871582850814 90.05000000000001
1802 -0.003978031687438488 90.10000000000001
1803 -0.004076083190739155 90.15000000000001
1804 -0.00420394679531455 90.2
1805 -0.004295195452868938 90.25
1806 -0.004412663169205189 90.30000000000001
1807 -0.004497716203331947 90.35000000000001
1808 -0.004607110749930143 90.40000000000001
1809 -0.004720807541161776 90.45
1810 -0.00483110174536705 90.5
1811 -0.004927402827888727 90.55000000000001
1812 -0.005022072698920965 90.60000000000001
1813 -0.005110716447234154 90.65000000000001
1814 -0.005191697273403406 90.7
1815 -0.005259110126644373 90.75
1816 -0.005322092212736607 90.80000000000001
1817 -0.005374134052544832 90.85000000000001
1818 -0.005420938599854708 90.90000000000001
1819 -0.005457818508148193 90.95
1820 -0.005489531904459 91
1821 -0.005513760726898909 91.05000000000001
1822 -0.005530191119760275 91.10000000000001
1823 -0.005538355559110641 91.15000000000001
1824 -0.005540083162486553 91.2
1825 -0.005535563454031944 91.25
1826 -0.005524535663425922 91.30000000000001
1827 -0.005508342292159796 91.35000000000001
1828 -0.005485089495778084 91.40000000000001
1829 -0.005457222461700439 91.45
1830 -0.005421612411737442 91.5
1831 -0.005381566006690264 91.55000000000001
1832 -0.005331178661435843 91.60000000000001
1833 -0.005276935640722513 91.65000000000001
1834 -0.005211493466049433 91.7
1835 -0.005143078044056892 91.75
1836 -0.005063142161816359 91.80000000000001
1837 -0.004981533158570528 91.85000000000001
1838 -0.004887965507805347 91.90000000000001
1839 -0.004793482832610607 91.95
1840 -0.004686400759965181 92
1841 -0.004579408094286919 92.05000000000001
1842 -0.004459287505596876 92.10000000000001
1843 -0.004340141545981169 92.15000000000001
1844 -0.004207069519907236 92.2
1845 -0.004075929056853056 92.25
1846 -0.003930159378796816 92.30000000000001
1847 -0.003774977987632155 92.35000000000001
1848 -0.003625050885602832 92.40000000000001
1849 -0.003460140433162451 92.45
1850 -0.003299858886748552 92.5
1851 -0.003123605158179998 92.55000000000001
1852 -0.002938596997410059 92.60000000000001
1853 -0.00280574569478631 92.65000000000001
1854 -0.002629003254696727 92.7
1855 -0.002449828665703535 92.75
1856 -0.002252192934975028 92.80000000000001
1857 -0.00204566353932023 92.85000000000001
1858 -0.001898849150165915 92.90000000000001
1859 -0.001704390859231353 92.95
1860 -0.001492830459028482 93
1861 -0.001340384944342077 93.05000000000001
1862 -0.001138915540650487 93.10000000000001
1863 -0.0009194157319143414 93.15000000000001
1864 -0.0007617263472639024 93.2
1865 -0.0005532103823497891 93.25
1866 -0.0003271066816523671 93.30000000000001
1867 -0.0001648114994168282 93.35000000000001
1868 4.935733159072697e-05 93.40000000000001
1869 0.000210800557397306 93.45
1870 0.0004266481846570969 93.5
1871 0.0005898453528061509 93.55000000000001
1872 0.0008083940483629704 93.60000000000001
1873 0.000973300717305392 93.65000000000001
1874 0.001193682663142681 93.7
1875 0.001359943766146898 93.75
1876 0.001581694465130568 93.80000000000001
1877 0.001748821116052568 93.85000000000001
1878 0.001971503952518106 93.90000000000001
1879 0.002139278221875429 93.95
1880 0.002362791681662202 94
1881 0.002530824393033981 94.05000000000001
1882 0.002759863622486591 94.10000000000001
1883 0.00292905094102025 94.15000000000001
1884 0.003152582794427872 94.2
1885 0.00332011329010129 94.25
1886 0.003542768303304911 94.30000000000001
1887 0.003709658980369568 94.35000000000001
1888 0.003936145920306444 94.40000000000001
1889 0.004102990031242371 94.45
1890 0.004322835709899664 94.5
1891 0.004487057216465473 94.55000000000001
1892 0.004704059567302465 94.60000000000001
1893 0.004866243805736303 94.65000000000001
1894 0.005086018238216639 94.7
1895 0.0052472366951406 94.75
1896 0.005458559840917587 94.80000000000001
1897 0.005615527741611004 94.85000000000001
1898 0.005827493965625763 94.90000000000001
1899 0.005982163827866316 94.95
1900 0.006184603087604046 95
1901 0.006334162782877684 95.05000000000001
1902 0.006535346619784832 95.10000000000001
1903 0.006681956350803375 95.15000000000001
1904 0.006876666564494371 95.2
1905 0.007018350996077061 95.25
1906 0.007201905362308025 95.30000000000001
1907 0.007396057713776827 95.35000000000001
1908 0.007590058259665966 95.40000000000001
1909 0.007780265063047409 95.45
1910 0.00796556007117033 95.5
1911 0.008145317435264587 95.55000000000001
1912 0.008319052867591381 95.60000000000001
1913 0.008486706763505936 95.65000000000001
1914 0.00864871684461832 95.7
1915 0.00880502350628376 95.75
1916 0.008955609984695911 95.80000000000001
1917 0.009100496768951416 95.85000000000001
1918 0.009237661957740784 95.90000000000001
1919 0.009366452693939209 95.95
1920 0.009486793540418148 96
1921 0.009598848409950733 96.05000000000001
1922 0.009702838025987148 96.10000000000001
1923 0.009798705577850342 96.15000000000001
1924 0.009886645711958408 96.2
1925 0.009966772980988026 96.25
1926 0.01003898028284311 96.30000000000001
1927 0.01010325271636248 96.35000000000001
1928 0.01015959773212671 96.40000000000001
1929 0.01020793337374926 96.45
1930 0.01024829223752022 96.5
1931 0.01028059329837561 96.55000000000001
1932 0.01030476484447718 96.60000000000001
1933 0.01032086741179228 96.65000000000001
1934 0.01032897271215916 96.7
1935 0.01032946351915598 96.75
1936 0.01032231561839581 96.80000000000001
1937 0.01030788104981184 96.85000000000001
1938 0.01028644293546677 96.90000000000001
1939 0.01025777868926525 96.95
1940 0.01022179145365953 97
1941 0.01017970405519009 97.05000000000001
1942 0.01013246085494757 97.10000000000001
1943 0.01007833238691092 97.15000000000001
1944 0.01001624949276447 97.2
1945 0.009945062920451164 97.25
1946 0.009864636696875095 97.30000000000001
1947 0.009774341247975826 97.35000000000001
1948 0.009674401953816414 97.40000000000001
1949 0.009565182030200958 97.45
1950 0.009446641430258751 97.5
1951 0.00931943766772747 97.55000000000001
1952 0.009184084832668304 97.60000000000001
1953 0.009040708653628826 97.65000000000001
1954 0.00888937059789896 97.7
1955 0.008730522356927395 97.75
1956 0.008564764633774757 97.80000000000001
1957 0.008392332121729851 97.85000000000001
1958 0.008212962187826633 97.90000000000001
1959 0.008027828298509121 97.95
1960 0.007836920209228992 98
1961 0.007640473078936338 98.05000000000001
1962 0.007438704837113619 98.10000000000001
1963 0.007231800816953182 98.15000000000001
1964 0.007020079530775547 98.2
1965 0.006803860422223806 98.25
1966 0.006582810543477535 98.30000000000001
1967 0.006357759702950716 98.35000000000001
1968 0.006128163076937199 98.40000000000001
1969 0.005894791800528765 98.45
1970 0.005657399073243141 98.5
1971 0.005416280124336481 98.55000000000001
1972 0.005171563010662794 98.60000000000001
1973 0.004923421889543533 98.65000000000001
1974 0.004672383889555931 98.7
1975 0.004418208263814449 98.75
1976 0.004161526449024677 98.80000000000001
1977 0.003902950789779425 98.85000000000001
1978 0.003642496187239885 98.90000000000001
1979 0.003380522364750504 98.95
1980 0.003116879146546125 99
1981 0.00285249762237072 99.05000000000001
1982 0.002587197115644813 99.10000000000001
1983 0.002321078209206462 99.15000000000001
1984 0.002054407726973295 99.2
1985 0.001787520945072174 99.25
1986 0.001520621124655008 99.30000000000001
1987 0.00125392887275666 99.35000000000001
1988 0.0009807726601138711 99.40000000000001
1989 0.0007942282245494425 99.45
1990 0.0005488934693858027 99.5
1991 0.0003692562459036708 99.55000000000001
1992 0.0001272137742489576 99.60000000000001
1993 -5.029127351008356e-05 99.65000000000001
1994 -0.0002898425736930221 99.7
1995 -0.0004652603529393673 99.75
1996 -0.0007022157078608871 99.80000000000001
1997 -0.0008755520102567971 99.85000000000001
1998 -0.001108528929762542 99.90000000000001
1999 -0.001278979936614633 99.95
2000 -0.001507223350927234 100
